1693181014487 2.413454055786133 1
1693181026722 1.5723352432250977 2
1693181039174 1.4694023132324219 3
1693181051580 1.4182443618774414 4
1693181063808 1.3923923969268799 5
1693181075888 1.376615047454834 6
1693181087970 1.3629672527313232 7
1693181100133 1.340498924255371 8
1693181112366 1.3321332931518555 9
1693181124500 1.3247692584991455 10
1693181136594 1.3176023960113525 11
1693181148995 1.310218095779419 12
1693181160976 1.302547812461853 13
1693181173367 1.2882347106933594 14
1693181185542 1.2770490646362305 15
1693181197703 1.2729737758636475 16
1693181209984 1.26083242893219 17
1693181222292 1.2511879205703735 18
1693181234466 1.2458996772766113 19
1693181246701 1.237270712852478 20
1693181259478 1.2300078868865967 21
1693181271681 1.225670576095581 22
1693181283966 1.2198686599731445 23
1693181296322 1.2137298583984375 24
1693181308496 1.2090139389038086 25
1693181320708 1.2052087783813477 26
1693181332819 1.202179193496704 27
1693181344920 1.1989984512329102 28
1693181357085 1.1962957382202148 29
1693181369259 1.1944067478179932 30
1693181381510 1.1907364130020142 31
1693181393810 1.1885300874710083 32
1693181406081 1.1866940259933472 33
1693181418325 1.1856353282928467 34
1693181430595 1.1829001903533936 35
1693181442758 1.17979896068573 36
1693181454822 1.1789395809173584 37
1693181467055 1.1772184371948242 38
1693181479130 1.1753551959991455 39
1693181491426 1.1730812788009644 40
1693181503828 1.1732233762741089 41
1693181516035 1.1721060276031494 42
1693181528174 1.1703736782073975 43
1693181540458 1.1673568487167358 44
1693181552837 1.1678400039672852 45
1693181565166 1.1663024425506592 46
1693181577358 1.1656808853149414 47
1693181589501 1.1636629104614258 48
1693181601681 1.1614446640014648 49
1693181613943 1.1623549461364746 50
