1693181014492 0.0001 1
1693181026726 0.0001 2
1693181039180 0.0001 3
1693181051584 0.0001 4
1693181063812 0.0001 5
1693181075892 0.0001 6
1693181087974 0.0001 7
1693181100138 0.0001 8
1693181112370 0.0001 9
1693181124504 0.0001 10
1693181136600 0.0001 11
1693181148998 0.0001 12
1693181160979 0.0001 13
1693181173371 0.0001 14
1693181185545 0.0001 15
1693181197707 0.0001 16
1693181209988 0.0001 17
1693181222295 0.0001 18
1693181234470 0.0001 19
1693181246707 0.0001 20
1693181259482 0.0001 21
1693181271687 0.0001 22
1693181283971 0.0001 23
1693181296326 0.0001 24
1693181308499 0.0001 25
1693181320711 0.0001 26
1693181332822 0.0001 27
1693181344924 0.0001 28
1693181357088 0.0001 29
1693181369263 0.0001 30
1693181381515 0.0001 31
1693181393814 0.0001 32
1693181406085 0.0001 33
1693181418329 0.0001 34
1693181430598 0.0001 35
1693181442762 0.0001 36
1693181454827 0.0001 37
1693181467058 0.0001 38
1693181479134 0.0001 39
1693181491430 0.0001 40
1693181503833 0.0001 41
1693181516039 0.0001 42
1693181528178 0.0001 43
1693181540462 0.0001 44
1693181552841 0.0001 45
1693181565171 0.0001 46
1693181577363 0.0001 47
1693181589505 0.0001 48
1693181601686 0.0001 49
1693181613948 0.0001 50
