1693181014503 0.25939634442329407 1
1693181026736 0.9994497895240784 2
1693181039191 0.9999898076057434 3
1693181051594 0.9996387362480164 4
1693181063821 0.9996432662010193 5
1693181075901 0.9996370673179626 6
1693181087986 0.9996562600135803 7
1693181100147 0.9996370673179626 8
1693181112379 0.9996817111968994 9
1693181124513 0.9998021721839905 10
1693181136611 0.9998021721839905 11
1693181149008 1.0 12
1693181160988 0.9997071623802185 13
1693181173381 0.9996370673179626 14
1693181185553 0.9996370673179626 15
1693181197715 0.9996857047080994 16
1693181209997 0.9996370673179626 17
1693181222305 0.9996483325958252 18
1693181234480 0.9996607899665833 19
1693181246718 0.9996370673179626 20
1693181259491 0.9997812509536743 21
1693181271698 0.9996370673179626 22
1693181283983 0.9996607899665833 23
1693181296336 0.9996432662010193 24
1693181308508 0.9996370673179626 25
1693181320721 0.9996370673179626 26
1693181332831 0.9996370673179626 27
1693181344933 0.9998247623443604 28
1693181357097 0.9996370673179626 29
1693181369272 0.9998021721839905 30
1693181381524 0.9996562600135803 31
1693181393823 0.9996370673179626 32
1693181406093 0.9996370673179626 33
1693181418341 0.9996370673179626 34
1693181430607 0.9996692538261414 35
1693181442771 1.0 36
1693181454839 0.9996370673179626 37
1693181467068 0.9996370673179626 38
1693181479142 0.9996370673179626 39
1693181491440 1.0 40
1693181503844 0.9996370673179626 41
1693181516049 0.9996398687362671 42
1693181528188 0.9996607899665833 43
1693181540470 1.0 44
1693181552850 0.9996370673179626 45
1693181565183 0.9996370673179626 46
1693181577374 0.9996370673179626 47
1693181589514 0.9997965097427368 48
1693181601696 0.9997037649154663 49
1693181613958 0.9996839761734009 50
