1693181014503 0.0 1
1693181026736 0.0 2
1693181039191 0.0 3
1693181051594 0.0 4
1693181063821 0.0 5
1693181075901 0.0 6
1693181087986 0.0 7
1693181100147 0.0 8
1693181112379 0.0 9
1693181124513 0.0 10
1693181136611 0.0 11
1693181149008 0.0 12
1693181160988 0.0 13
1693181173381 0.0 14
1693181185553 0.0 15
1693181197715 0.0 16
1693181209997 0.0 17
1693181222305 0.0 18
1693181234480 0.0 19
1693181246718 0.0 20
1693181259491 0.0 21
1693181271698 0.0 22
1693181283983 0.0 23
1693181296336 0.0 24
1693181308508 0.0 25
1693181320721 0.0 26
1693181332831 0.0 27
1693181344933 0.0 28
1693181357097 0.0 29
1693181369272 0.0 30
1693181381524 0.0 31
1693181393823 0.0 32
1693181406093 0.0 33
1693181418341 0.0 34
1693181430607 0.0 35
1693181442771 0.0 36
1693181454839 0.0 37
1693181467068 0.0 38
1693181479142 0.0 39
1693181491440 0.0 40
1693181503844 0.0 41
1693181516049 0.0 42
1693181528188 0.0 43
1693181540470 0.0 44
1693181552850 0.0 45
1693181565183 0.0 46
1693181577374 0.0 47
1693181589514 0.0 48
1693181601696 0.0 49
1693181613958 0.0 50
